cam_20 100
cam_19 300
cam_18 400
cam_17 200
cam_16 200
cam_15 250
cam_14 300
cam_13 180
cam_12 300
cam_11 300
cam_10 200
cam_9 120
cam_8 200 620 15 5 30 90
cam_7_dawn 50 120 15 2 30 40
cam_7_rain 50 200 15 2 30 40
cam_7 50 200 15 2 30 40
cam_6_snow 50
cam_6 125 300 15 2 30 30
cam_5_dawn 100 300 15 2 30 30
cam_5_rain 100 300 15 2 30 30
cam_5 60 300 15 2 30 30
cam_4_rain 90
cam_4_dawn 90 300 15 5 30 30
cam_4 100 300 15 5 30 30
cam_3_rain 30 300 15 5 30 30
cam_3 30 300 15 5 30 30
cam_2_rain 30 300 15 2 30 30
cam_2 40 300 15 2 30 30
cam_1_rain 70 200 10 2 30 30
cam_1_dawn 60 200 10 2 30 30
cam_1 60 200 10 2 30 30
