cam_1: 898.26,132.52,994.74,189.10
cam_2: 821.39,50.40,914.82,110.39
cam_3: 470.54,242.50,908.73,387.48
cam_4: 632.67,55.68,851.59,121.77
cam_5: 9.34,505.12,187.64,771.66
cam_6: 200.35,352.00,605.48,587.03
cam_7: 269.06,515.00,380.82,651.70
cam_8: 1689.59,750.13,1996.69,1074.35
cam_9: 1078.67,175.10,1910.30,830.20
cam_10: 11.61,221.66,601.66,982.15
cam_11: 11.61,221.66,601.66,982.15
cam_12: 11.61,221.66,601.66,982.15
cam_13: 11.61,221.66,601.66,982.15
cam_14: 1544.90,1218.23,1917.19,1473.81
cam_15: 1292.37,325.83,1917.00,903.26
cam_16: 892.56,810.64,1330.39,1076.51
cam_17: 1700.21,864.38,1925.38,1076.17
cam_18: 727.75,652.39,1182.71,1066.42
cam_19: 727.75,652.39,1182.71,1066.42
cam_20: 710.79,754.96,1295.56,1071.31